det:17689637413188692479451816975754072943881942362054605891194356140552780062097833115840098032434204172077737475937360330210472368204193238946706721
call:(154, 81, 154)
raw:[[5162765958849666763995517, 6273988496302687602865911, 17396808950686147630145011, 17140809992391698590291625, 40288505718822814636920903, 24945215413322747156531453, 3158500669037389620061147, 3558060402741552309837227], [5162765958849666763995517, 14348025990148563823845951, 7631115475997014820246429, 3746011274417779306670301, 8558543280874139684479367, 2605783737953847742889111, 1385785873257906833882839, 2473810267258450199713427], [37682856376576806679829, 652319252523353559188179, 15719217282178742080869, 111597581282378057187029, 472934672687339826733443, 132831263821533518774681, 51555045115411531351003, 157316581482149808274503]]
det:15936059115968809282770040171148149691093951050245336555083018509750387311002807588511274581463879094665653183289397872559576180355364853382350329
call:(146, 84, 153)
raw:[[273069032527648012792508443, 191315439743956095669321599, 39567310740615150452205053, 82013955008009277797098147, 62171103594562951033421819, 174021923107613221751957347, 2905608377682400891782367, 102826849199314560452920803], [4558093325840199042254971, 1712529966581544193190847, 607565057709672388926933, 1294970677326996080002507, 5824185080365090903777487, 44055487813991654830203057, 420363384459500255339089, 1085872594885995270209157], [2724389748917299223611208, 601101915074936299127541, 474592195207645682870413, 966308345932884972109777, 491095253344936261532919, 185257024178184888350301, 601583557114462022033273, 133297879851830483441216]]
det:55947750779709707833526027661582797525224594163121047386811518069902309402761358191915207467410993474968015556977344438229738079123787011181134241
call:(150, 79, 159)
raw:[[1236314081269362396350339011, 547228904063100137955334029, 218455874219608698867217759, 4869798017230616530954681, 123482384874440326860632497, 5830194172178674668339352, 145476202625031843498669103, 122184591622552268133881019], [4869798017230616530954681, 2742186081880914880035597, 1249469543884104725396211, 7758501572162905418987009, 737487369762017706606639, 154618834316326178230216, 1373349044404371148169823, 709412990156440464675153], [17958472465492314310154779, 4700162077051671465088533, 15037558902945183869457783, 50738259218521860086385259, 6154380238033568399121099, 22354841862780021239467029, 57752496524293680064095207, 5331472361285274674352721]]
det:79244360329566103088845051513503666350857529010794134284854683572157988113974396263021091741553413796143452648025438807596110498152385433896081729
call:(166, 76, 170)
raw:[[7730954078713723430668729, 397790908536000350551339, 17634098855828437985488509, 49862625280967481964340559, 38065290300737078451183809, 14865013277976414351543911, 34073540336331984973511249, 5472958125225766933531783], [7730954078713723430668729, 397790908536000350551339, 1395413033751550055775727, 437839222494576004600787, 13982799111131761801368297, 540024092681393855597399, 964518912186778121339944, 2870562669441208152184936], [8302575968605288713107816, 401056687613201409531811, 1122586362887099314808301, 35786413445021852332057109, 5126790802643630129454873, 1674256369507517868590197, 4183044644030284788022279, 1723609737969024603848831]]
det:108592047105338634396656657391201102225032500377197661024545497030022750214533246111227343444854002891817022319853687410854618523089274213145882729
call:(166, 83, 167)
raw:[[1118576663395528427014553, 6571924520459196832290627, 5217347445489888961490803, 1555169367923626536494648, 1251535476926633079715883, 2875271668735075151057533, 10626176482882217900305127, 2797557559239106736786177], [1118576663395528427014553, 43828923405016796626059, 10692513868894363114120997, 2633122461814539567756423, 891295049863183209946833, 869544556125324431583051, 628387239237095844187147, 962749359670061811881629], [164210337786383193530051, 490739427229472976407093, 111745159930095431149461, 591389811124727133056869, 44429151214329452610209, 126517989511933315066999, 870235402270643197078375, 278747076785552395774784]]
det:37984372842706200463726949218686096351422519632262894227570743389817477176039642242711809966650135234933543968899577883620448639750971647126135289
call:(140, 93, 149)
raw:[[8044419368145661265673253, 58875774020123369129160391, 29510595813331710431371016, 55062270234798554314938437, 2978930173424152259891816, 15823474784468792207739163, 78955069103172001799884581, 43296032190650211286837793], [8044419368145661265673253, 20472507743427020051854973, 1551649521781687399356079, 26825836357450568491154713, 847705802889330645742747, 90548917548488369012423307, 6079496297413328461930283, 26111451938994653578904267], [63098408725824417021471, 49252244305827691484712, 35711322803986094373513, 110710050311141576573896, 42707911046547984069761, 54668519584926798715221, 143722452790918025391311, 53535915237637709187777]]
det:48746848083241081204111738051485838955448823557833049100315100949081190562532088642697301883989475152491083588909621105015907504915033601034879441
call:(148, 86, 156)
raw:[[10667655602495468497539951, 5762191004927799620765219, 2058524812356809610258271, 4104888643062834303635736, 1628277070746191898108113, 8805975836634746890359992, 5737207751540544331177161, 2052694611162677980335723], [147187043852133152437233, 87936856821396604660339, 139144818236066813171087, 234225669907455171435197, 64787447399370528482677, 117441256190271676519859, 227394354033241970871448, 70207090317099416326661], [124149092760524133790077, 241349262792202631347899, 104859114627213818059443, 21506969526757262814923, 186054189206262802063048, 87295957968760010448049, 150824211041676282057921, 305561679025138370230875]]
det:51231871593095091789704543253158018061494713602605798004396296817287394883982831635543421928072251021494835015206675406347010786016076240804390249
call:(162, 85, 165)
raw:[[893236224017221882705637, 3574515341774160683292709, 1996000393623610218968069, 615692080751994766716011, 1179504356339840945064337, 1571490003382982548536081, 5471155473749055884944351, 1113127764377554332987771], [893236224017221882705637, 165277518313563470885491, 911377154631076140211723, 12505382131862373303669569, 703594560056684217802649, 5855860370065397695791096, 4297793884934889844900288, 737603422113531034873979], [3308327487440203587058911, 6474707117368986060495591, 295781614588763982917632, 1853561505010177343457287, 4083046176388753859490649, 1984787428619962023197193, 397774925718357551672744, 1087242521001994753469613]]
det:4538402180456397596338589464660299582831499784097427533013452255722310592864148454617908824097100986606721255945784280702864974801255898595135809
call:(158, 83, 168)
raw:[[72772908351430669750323341, 2597635752642947402191528001, 638099903640768611575032081, 1458853698085026253454117393, 962363187095158210067314793, 33184350814405534992167973, 23292578974929559350162537, 30231640231945831774391003], [1650937906166081093874163, 692621322976438321382403, 832382891584660805878781, 397952712777843722820437, 1779565568382345015660617, 177584613448930808787739, 2479119902137528994173941, 2243843937572657434393913], [1135961488805639789676807, 446476329124878916860072, 4288652671069032089834573, 1327220141264937716792921, 2355556923568650648989139, 629124786501217072792251, 49687396954259382107641, 622140513033441018790233]]
det:36355420432997552959157940900741215990512173036627365401096978371809492212884963515799938965204304843381327612499704064274773879427501647751047241
call:(150, 88, 161)
raw:[[1531413471276022653187443, 30805955662080913715082723, 33906361939746123086813823, 2846680833839280656501123, 5901120349837054044204779, 34651782610100681438323671, 321832746792693876052221, 9041634498791506311477143], [1531413471276022653187443, 415186527869557638068143, 2067959443130639173672307, 2067959121153731049593379, 1788363119065927604042431, 958524950016149908576699, 1218029707022373211146423, 346163351911001647105497], [224087513769758693185311, 622804288125528796832711, 273138463199494050759219, 201761658066398774178309, 184880051136429440187147, 623827950895482371700283, 475058326506849886829577, 1864144256079203029971561]]
