det:18449258219888572633041067978303360870854869682770921290302383906508075795968674367465926807006081
call:(154, 79, 154)
raw:[[4342440525620814, 3162028027565801, 2988725973706049, 870695707274543, 2504053049291504, 630578286366976, 503922246527268, 402839543385854], [4342440525620814, 3162028027565801, 2988725973706049, 870695707274543, 2504053049291504, 2573297448824516, 503922246527268, 706089260374769], [708924014863351, 339164786409487, 422183581139150, 854155202812289, 202864552187719, 272360824097049, 339716317963552, 639399747087118]]
det:6332676282709823310351567379133981947508028483627554587771810236144142197393402170333945799889681
call:(156, 75, 168)
raw:[[71374304469902679, 9053323521177919, 52202337939887031, 42418258461434002, 21233356613134911, 30331189279585586, 22193169115554212, 44462501680359150], [234678289507154, 227347074275513, 248413278546577, 131861047789582, 398806638445649, 196208410562248, 102923586227713, 86426492425919], [134180806233713, 172436825976457, 272552907941377, 193192844192801, 383488742143249, 267529359891743, 335015144360414, 115049003657879]]
det:13794103528189929604864988796617668379501028252198350254959550681796719751928494825042372726094001
call:(152, 82, 159)
raw:[[9532838010224222, 2103655352881081, 6107493638997604, 3231989347751986, 5212056532716271, 1554209838374647, 3044622711536264, 2324513668947903], [393292400167736, 263122948418063, 749313775425361, 545072749408207, 1019415959147516, 1129932770474879, 372538738273316, 461268364006937], [616365302826913, 719789860514767, 246664070070382, 183522670355169, 138377279982247, 390906874498258, 654961409295074, 249776730814711]]
det:11299779618887611735671968660060284494984381673052044295976294082791627615405874258550656619412241
call:(154, 76, 165)
raw:[[17312594146845993, 17198924407134498, 13227839168126311, 6443809181082193, 9442889394617287, 5594326355226782, 16514438240827559, 2077550223299327], [1734178998992177, 392036810025150, 282931180878481, 1121787801398921, 415393264196542, 889153523673788, 176306298054802, 939989691495927], [962429296616464, 394797419978089, 735438181656143, 106400420880734, 85564002744913, 262479366140850, 219595128195042, 186283306119377]]
det:14628116858466150893485633156648923630437519517146077084887857037682110860306222579024484711245761
call:(158, 80, 167)
raw:[[16912067118863474, 5513048716670338, 3706606400366684, 4283864687752713, 7252791408928544, 1492585563942098, 3978021929951728, 1384177275562207], [284188101737273, 627936443932903, 487718351171639, 539012206552711, 120539005968439, 266542645846852, 166903739223454, 410992449618919], [529859933961400, 201237099142852, 397975177214111, 335846714733808, 272997191687992, 312215872138623, 116669956104432, 561102166478407]]
det:6789106489792992359010677149154438117290654019099770558484667733182282714708853039117323457778881
call:(162, 80, 167)
raw:[[12743029611063423, 1857400586797433, 3818409041638303, 914126889879729, 1315642290341854, 3393510163945726, 3061416232461058, 5267303765604706], [1365165497103847, 1409536601201596, 2096919170341751, 263721329308472, 375074319456193, 1026862548581593, 493591271724306, 734815676038817], [2373235826060041, 482150982260452, 916666676216937, 722480832040464, 739536144557150, 1346134189933564, 658993223726350, 746225013488839]]
det:2741165893072169878900843148919284760948997525188422116322772905857366614340403466054255484402561
call:(176, 72, 176)
raw:[[220942166403784, 559088208927614, 752555924421247, 153719926963721, 858269284940344, 123415508560114, 448853074203134, 153435673694066], [220942166403784, 559088208927614, 752555924421247, 153719926963721, 858269284940344, 123415508560114, 448853074203134, 153435673694066], [72371940294447, 35679577779136, 137515975837767, 149565059525088, 201190155923464, 163051625586537, 106561146908296, 84283338070766]]
det:10974366191911637865428218116943758430638238605826160160614949343482046263896788957983597724427761
call:(158, 85, 165)
raw:[[4754099202156217, 3157497195439671, 3178477922438519, 1093081555335775, 574871310283423, 793030175134057, 1095835930648351, 569231283544132], [439793575731703, 131002662540512, 391855476197657, 41638655327089, 383710413520553, 87710152319703, 33745124567584, 300283454096658], [540307029254834, 757886250538944, 334615487454121, 1107293426891876, 683621795810809, 337734098946631, 174455552765596, 369959995140488]]
det:22761384758352307417532632506815731443817430015517117276059918373587321229591203751224692060732081
call:(176, 74, 182)
raw:[[3074760933457144, 4041324055017992, 2052892461911377, 1531018131539071, 1457802467136025, 1109997738430351, 434338976285089, 495024716546044], [362360893513169, 382074983730872, 134900659418354, 373586464240526, 267164423111999, 345395768252849, 53918832990409, 321892520490457], [289022831689646, 199672820999744, 163952832758652, 235504652498014, 398594457645289, 138057364495201, 254127056240392, 140433182608273]]
det:13344358266534694409661567721314089984005063745844879375900967661537345175374816996056201542478561
call:(172, 83, 178)
raw:[[2089494630907328, 293013175301567, 6086400218016353, 1622678892709752, 1044258016177184, 748171190529052, 893589944969039, 554850814217929], [105902632744648, 635344987480128, 677777995259649, 533947822408487, 387581001887921, 65614227538727, 55422021417858, 288410030312047], [87043272398647, 177925076769824, 38605949578766, 72271590819484, 232629768996336, 232883670738908, 128855355782143, 88296675662951]]
