det:120436713314173144019412772877605051464288235892383622611104260510607609365756520020405402289319793785215556976923192484463041282408520534184748624825358387694765011776040901570023668214907473121
call:(126, 64, 126)
raw:[[176185750337080217284429160688944643772, 870818017776539289036744629013725687426, 132864177483392923279520782134276701858, 20648422070546240572021001953530118639996, 17684752634742642644369236267255163022017, 3645414714032264173270850452872363877889, 52780079172717007251807602124529316804, 260208711750606308484180463369831123903], [176185750337080217284429160688944643772, 870818017776539289036744629013725687426, 132864177483392923279520782134276701858, 1172410327522195379788798764338929942114, 6675252753950372175964477587576611970799, 351949142721352402915769577913815967727, 13123373032850838220531240582163388121406, 319912440129771191556396489698936116783], [419282440379300457382232108898207700513, 1989337255478140147583270374550188756511, 2110481517603904258825888892434233563279, 10250787359861410114022196507417141311, 1445586099554362153869562134126837383153, 419238533488968116301196466704821820292, 42939609491402232895683648993399223294, 2356590767896759889850625409460459511774]]
det:190277292146421864049115649101012678497578619594271860114705409945186904550267087753966773155300331045893656658179862723330446463826181507861110592298356424825435697428142232006287233242288188001
call:(122, 66, 122)
raw:[[1391468860865650607734167820547143667311, 582217695292565632355581155987422386364, 1565377346819957426953751468106279816847, 1127116707738773496228354671876534187857, 32460472036896237634467420220077764525824, 348860898149061786612412326923941753919, 4113272097871322989270307333419694969474, 3867854161945844960323376989628165265026], [1391468860865650607734167820547143667311, 1342597504475169260338580375312568649649, 3004418025146244034724016307071018593633, 372107869780442465517362493668799805583, 756759525800649905204239065705477564943, 4315519883162378431573291270299310176508, 20939105420286859148690945874867630809054, 1731812825549482705759370525929774114688], [37944369254153960337324545916131888401, 34104601229775982764591175712001504500801, 692285676293279172282306337288256973982, 24393086441762521806158660621826910972382, 6185247793267523879426178546604766779714, 3470790224829843617922318922401652262849, 301771884181754108041758754865717933683682, 99891143618420313168714941793894098343601]]
det:340375128864126063868412350050691524896112099164441978967642632175010014476580042165001882747953251535877784230719945943769084855211874955479956568985269703013137746725771145138335850826770978561
call:(124, 70, 124)
raw:[[6002673383783284998139771384959437116, 19202456998994571345035290254468648956, 49829251261839623703967600555826069599, 158718170633319131677704792039696719624, 479365684053409537841952389495902511, 91374889519147865555768879061120788753, 11671800608474444390391990453214005182, 37221846235346481991912256195265390814], [6002673383783284998139771384959437116, 19202456998994571345035290254468648956, 19433000143028423559251097418336869169, 459429854603143567984162605605215697, 11331215789691087446367543802166549759, 266898091974848537745868910572132219343, 5018022335754945615923349924916956209, 4226646554384962498212993188540314913], [7880644325785390190760541807913613793, 22697400271970116968321014459895145858, 5325725910657685080289468534504780463, 2893313371031213562843303891609245729, 10512227106868470942065411235487793537, 4030927051169509846478057936559012668, 15686507039302164087251661054190820191, 36660090899386117686172321530748947503]]
det:46091966929749326262202448588666152046884704077662099431159374362387556658798110703514407436574611030494368170254375034087331858811711632723590866687399338759009381324928767483910872629889612161
call:(128, 64, 128)
raw:[[673658105457005734388206168602762685601, 17700380065320352489501705051117037839969, 4181625334320414347861602608082560366146, 11013685018665886334465493605952606669601, 913311816349284446725161818996996442998783, 302409690700465922020977262477625968149346, 33452889190759337337145160401570786817504, 605533970960860294817040342986791406558639], [673658105457005734388206168602762685601, 12091672474025332521170680807222085668744, 5003059470885709589159159784405899982223, 43676775325761139447508856715222734855074, 25508674914706346635240746568397522995711, 3362679390726530764788303276819386700878401, 3294229999162043292673401786413000885768, 1113426531691715382705168016173014884399], [175595469592756652631386548018450353278, 492012511607067272745515652737862031586, 117229614074148810080335357275994554628, 89927036194588626631869420259655290609, 4908995673865427673545866893297148378174, 1183326572021241863907295821123884802049, 1913957922103951833445289597619192623407, 526995332232590947758230426011980242302]]
det:40102788901595506008252040778651795900013937586689207584186620503816012243559122860878067205517725520404159796512926290088760361276110029554261139709392543322932858727806329279498866591770281761
call:(124, 73, 124)
raw:[[760135528290808767476813345048934118031, 154695398188721182342734158685344791247, 650848691541458085503445806991179253889, 157886354052125392080289959891878001758, 7538531814411049897587388112039712380932, 852837326352335844090756462287328982174, 17034512847136392071574428848118004926, 106166658978344455013939172881723451784], [760135528290808767476813345048934118031, 154695398188721182342734158685344791247, 631217769570928238424461823542349082878, 550090364173078326909918157006403048516, 143047779375755852843383181743968272572, 106560403913540648522594903385645635618, 86023748269898664860240681016362873263, 5211458415593680617953185389778259966], [303554948586859244883716502570638584, 6797310845733598613308337639379395352847, 1001849722194631587709279152405062161169, 716484387664947239065356281954812154078, 4845391220928510682359973983370432042817, 2675022208512515697455134159550669162561, 1180318395051097432039450522597439126671, 3580500272828701247145288348863634312674]]
det:213981802824941611650955202174657203200435731167408401913002064839944578429507098687197069763576171825659696900776779983482389771478114833575649334392162603334116197977013973560026295180540469121
call:(130, 66, 133)
raw:[[213954149463830642955584175684393376648, 14026788767291608952410718812323685077983, 5634224811408435908846432148787504080113, 34666370265352078765612305733072302531234, 6967875475513353180152233137656032045666, 2594046416920223106158471187748878181737167, 64761938490747728409910877062426268432008, 11752715916101892981108418474615197046847], [827419997053357526296568175682381247, 7932092872390320975658226682371142881, 131895455173587194874746754259917844639, 67088736649038150946828744593775215616, 183852300146389089740147728023509619472, 10305567640102720953854151657253669471, 372806817049169876990968142769599647, 19976489629521127015886567912471401823], [9003385588269381181596160068353376913, 260667133510139200828435715283810913468, 2132190166161684214476162539167541915887, 15055991680846942388301007762149866783, 20334440704901038710335605686817081201, 3008783809387000422304723092865586993, 3445181486401462009876311159382877564, 6792387662686802659069014850220949058]]
det:518080636117752727931239327532950354254511437647036842290459989439940169096567016623517347289916733679737548668545035407836230289339441604889914665339793632821990484595036708627691176489662590561
call:(124, 65, 133)
raw:[[1053452426039819919304612273313649455584, 12931442329055481362737270706782070500796, 789710278843752698589328627787718087791, 15571722631873896309794495187651750940868, 62300835852153576212959208262702895358609, 3953198597999917046167347886656601086431, 26439738860596986189933061989184736050001, 1866362230483966899877208332488546746911], [751026795870860496484783977532740001, 927831092366635339199978422537095261089, 26898581937709250283739716814572416008, 109626507933993601669437212190741749407, 2565092570924105597130790572544588134724, 166295351570473164700350795464013334271, 481027730831623799971992777659570204656, 58902316986732789633478557217995353152], [74786174424055787794947172119043920961, 682461267583302461572409154591936478192, 1254094906226288347735638358241040223007, 475604316426559348468605429890093541248, 165147419933136852739840930452355191292, 492543828695495985900375385128827000048, 284948114368076098790302871001239080111, 37335742054873348831362108430110461218]]
det:7513990453342146670095071628941088758456900262220531499500557307519409700637979933912266955359668709487937880411515466572417987363897846280849069789222056427467740880133064940608539951103358721
call:(142, 66, 142)
raw:[[1798060356688080716350791655560673153, 6694950904117831872649239236307724089521, 4467838027150706417075628057490260450974, 1103498820623360433597607310143121452792, 6966368442580474636101780214367785220036, 13480059122218912959568881228752560209904, 12238604223916681506970961005673247606392, 12520310123494910141417853223412088796798], [1798060356688080716350791655560673153, 42057966587973134670767340985850582032, 4128386147341792925289465116784600180574, 15575160475653503002431057269264682137282, 298780841713624644210567127277206981441, 1115146580015895363677309045967999153727, 61330056309067867945221820385254247074, 8525101430822845786476477345539197209412], [4385335899855752534231452201626103631, 22090743396444660831493577875773477423, 18955673544428318587783218726150582174, 2178218227680571478177418646810668164, 440119581454111609064373188075470063, 30833290293117881753803842338986378609, 921026216828939558488844082738142114, 10507293094494180625974712159413910847]]
det:127685019435427859923675284591070551537306889045449045789882527709376622929362608534348399553478769601315753743786864231778220054766761850398651471660217639688119347207116136486873631716300642081
call:(128, 69, 129)
raw:[[160887123327243808786910426040278297617, 210208562759839452820991175489308963396, 194187473974138694157760735905102498544, 19371123446033938915551426791857776446, 69778459841554408717145968765423880609, 1075954583426279967682678585132917683183, 687898404695879047297848910130377108574, 363772866677563157835283484823849741023], [160887123327243808786910426040278297617, 413522327592011590269968500780899847937, 122587907045494706758916818645800408191, 38323345377688776299912116335410934223, 144980855675961045125555487950797666784, 146928168664163201203898434308039810961, 80767359318917161825399491123825620239, 20672848595083832667691234615061830399], [1305614105498033737631253228184717793, 386225839652634230881627282401015056, 14733754270605158337296440948582186049, 1976946520027854947708595632436827896, 75941364214397710203876063545952456644, 155505009333488991383712703305891493969, 610439994368103183646103712598879847074, 9951210212010352086499280302517794288]]
det:178071897545632834286988561080596254525612260310069609963250671458065379546216196374987036140314478020974570014719458289790038031863073421886732227519828129521061191234269870222481496511144630721
call:(142, 75, 142)
raw:[[7852399500413584796955085949333838241, 655109450101697675591967574240789740527, 733871169721967340006254766122955901583, 991696575031170683494709637867433993864, 46427031985295036381820159018939926942, 15523381477421251047619252824375299215856, 1655868568541491076475090350778685044479, 10930179010885933435622341239580411342783], [7852399500413584796955085949333838241, 162384456838157743530582210824360756612, 3901699470121936238082638257175904671, 2133511386582739484314586166789590961583, 37840553157394620792945127332282433528, 501470846817550326305230893827042172542, 326606555838803332347191810477372892862, 105736160496789941244084431200022210033], [98890346446045522838239548337465084, 988967791349409480851419007872729793, 712196651548235107966366397877869297, 16891327183928037222295589032207800673, 558044992745510452878811238800269052, 3868310080897256054898819798983564287, 482797575745151977513180692601567249, 4045857029834517347913278296570004143]]
