det:706697740698086435224017669041760081727022950062919602110927308269042938078488042556996644885583192204418880478955606282811249509382782379074715902316243883196433481253937187159221508393851048079154387452031808109367373519973055329802261796249
call:(128, 60, 128)
raw:[[5731933483514065211378374890827341898277145039, 1016975361850468127555546389875057004420642241191, 1070703556093918342309175962469310495869171459981, 123766220159566628575855298047968149275750201553, 349544466036743287750617973829645280969587201443, 14614742420633264197248483715422115732747913733953, 150452441757258144131088433220342996103035702931017, 2115019835110146525390191848054185397640073555199], [5731933483514065211378374890827341898277145039, 8204003691041882976177862380368750413162966379, 669396031623624498827070263527748254825550508113, 116935507040347745067130808768606932666115140757, 3139391353345658037853280813151387897362455621, 1805647121684697642561653820961663634556517788007, 112452690589081887559266257278325227113991030391, 100704302799078772666005654158373869459526067033], [188028003823606643909257402996669264968597765089011, 163670081123696036151425692527439060597468178115671, 550959872652390776197785252255934245750541670886199, 68018821606882800859845025143118075208327962578803, 985877734095466410843775536783469482954851971138379, 2176302302126532981534255525799941023767200691091897, 19351072719896634354695730426798118359268322695763, 3211843567919265063541596165729643794261355705821983]]
det:100917903603557352232434517250997019701348541253022591146412127607636425660703818002503731721395109309681188535822964060001536126426723499938935360520641402335992340178429533475042196985353824215361993538297037214897987742842121237880694055049
call:(124, 62, 124)
raw:[[78254341549468959859035977353016609977266059595869, 20668644581523307788637188570329326029073347806711173, 333016434343407837864358784126929823409033618724816441, 8256590780857676644443272944568357976589695463880160629, 2167307488594072950990158695306278209391342988232633899, 679802189416703287319310526865703252083788189454489521, 179705962399015139427113144872571776744939841342122381, 652408027324185201275901651368229031654682071238300627], [78254341549468959859035977353016609977266059595869, 2589636058719149491775282490116120082546806062885591, 7790547411734566075930468282526097537052957241524457, 41482662875035889332561774300759461747660347419212493, 60083480049712677554368599674153760757326759652213237, 1770766349455438835142614272721844021691609840256987, 11213157039665176801673672417774242980835955392210543, 4588466349672822565974324144428362077101560486667531], [78254341549468959859035977353016609977266059595869, 20668644581523307788637188570329326029073347806711173, 333016434343407837864358784126929823409033618724816441, 8256590780857676644443272944568357976589695463880160629, 2167307488594072950990158695306278209391342988232633899, 679802189416703287319310526865703252083788189454489521, 179705962399015139427113144872571776744939841342122381, 652408027324185201275901651368229031654682071238300627]]
det:2471705365861730597064859203167874782088639948430875770379466526784230337741429371494561617962516615211385431408900243471161957379728780187367956542005961103116743021335514361144096647646596885982370142759584670258519890449262905131482714129049
call:(112, 70, 117)
raw:[[866566080397923498004087941483507160074522787589, 9162779374851374266095774360368771771993673674809, 415136345963962704070282383012125949648421394305319, 5190194039881350805734715916766818085893546141022401, 4280922103082666013708000360711282607852924176087419, 3930522945679315435457715238248476488757405255926357, 9231131238576551523752198843426713288223682121460423, 2164451828055061706739446046436348160169389706090421], [866566080397923498004087941483507160074522787589, 1386807715562836664897171218725737028681476907098321, 20490620709684212376296622692907863680524738039499, 179848788227311781932187748963630818780745807068893, 1189029721887955984410387137972177922944144309112397, 684023398133401789797696682245159481424258592862229, 5431411159177164693314068156829031109107696134418677, 281872622852194881176901593029005305255286038569231], [2359127898745423021826044646845925971467986197, 309774242998643187826567765552024482465144268827649, 443117194545778458417736424080174253353516255841207489813, 7141010268451288990893857217213901177139436259975567933, 5263991689041992818711827099297090112257032301538314163547, 2352935984015903463209330174962545113355487290622100722597, 814699024186232092760310325217917628300051897595013575907, 43037037835000595659907725597899960036996837259190732823367]]
det:120096832163964273595999863651486932194293159178726345828188589458707548977580804952824285705963341130373647948704910262360196826241050959914562452598243005960781182348964339261412108380626330404258142276180352631902773531080024416904374559201
call:(124, 68, 124)
raw:[[5557599054626200679174536580101582762272503020013, 6041903780715150383829151193265934901575319945113333, 38631043206317085848108284703801272079874515301769667, 864881217512882843745436961475500672970705655104292237, 123999765898108581528339328787185676703277439177705779, 16865623990389809312976836027008394818650598172845289, 1887536420959914587997477923758434131379766460193779081, 743894905272907034298210158613773972603814983671107767], [5557599054626200679174536580101582762272503020013, 383953626691498948187925315523538900446824754719493, 4718507052272696814374578643740546049339683578920237, 31288864411218716583221420185376218388930735784892711, 60064043596256351204020409374728925463562709867274917, 16733051356476069522196251955501050394545164208423919, 4422565334477287973007307875615783716756036406388331, 708439019368664706159713070727660297784222397058301], [539561722961712554054362775888089809063585007, 1248615193502054070358676457342222789826010573609, 38490292244304266937901585066904571758784173268514177, 1151646042878330092874048257557111027169824069286597, 1956169088066801842855430177915914736450754665727571, 9819377423191883960448084850316852688051419156921683, 38639608936904630097544829233610630675794247006944, 1502033756389882372709907766698416331967869048265193]]
det:1461999666190059346027373559492868717893679274217787509687784165205000157168219661137732204912281937755313938636348528124778515167117474126139009886560484724382248642072199902869982203112557053831664684193027578978269160207116128627531375994049
call:(128, 67, 128)
raw:[[3111277042878057555876385254111171974726354476033, 7831338298924462287767296938148539914319596123119, 10134369966192483614416703639776235352175157672152693, 597015234298705780660118726162772809851424310375503, 13304005665135800384341811066890915421837111248014523, 2787706242209983502521071014937647836764329581109153, 1644123270239077438238602337527783463497014254738827, 19787257120930854511474207044888656683972394107994329], [3111277042878057555876385254111171974726354476033, 7831338298924462287767296938148539914319596123119, 92835390771391183432825825581848730001604880493427, 110746052980960029677473936383513418874132969665637, 4560842193374885144490934662779595875785026770972779, 149773802366071370878444517633438537976062450281517, 116842949576967965702099664024447749670263800922941, 47454434395037278332750023346902385578457521297819], [12521379286892635908899084971459672090708403437, 14985428405128217858162331496989534617637462186179, 436811335795281808619668470781658654479862460791, 85853800929632310468148001831031327143122101630491, 9809970662880334672048255015495163789078777518399, 14761168862652679687596558439420924110431847396907, 1941794075420765321133893764032327083898927987727, 6633643401509875739255696827088690811095091595217]]
det:398977696892621903860998224858698515940873229635111294301561740137775999966407630290542078672968846390871071375737118865328929079271083784674085554795100052614614899410295231515819553043996260428420615026983508320736027086084954207715202857401
call:(130, 70, 131)
raw:[[19369444446916670676923579106755538297466086874709, 797193719018351349199559383666047774060993862250341, 26149429386741800062051988327451531053200747310423, 1587688260096322165160087515619370868402935324128371, 10775719515660340358581166919320056312577081443413097, 67592263290614748919107908275815226207847902944773461, 5775553700594796887107046453687459589484511791486597, 112336400657600758960213979842077122236130996166908153], [62086650987901146333956927472617837410589450377, 372745445279408854674450886458795316424124847051, 4387261418453445506896956817546372770133999905913, 8900061080388100085222266844483526728125749380893, 6611666945336802959710649684833403874123850516347, 1971398388155692609132080036798067495088806824407, 6026794440377248226980255218679364846710254266729, 60834971264771650352659698042169403875206061851613], [52427008726334847663183196008587496462561994157, 434756519597905269476190214969906555592892109289, 4453575599439061930508897304002414466509257853713, 681550071416114215218665456488543478812071334301, 1146067223115807142178833140088251664655430094153, 8311896203597489409035915777437525826009160764701, 914366299070819733610710362458461936163820662229, 27282498660915094291943782312104644339452163216077]]
det:12440513266111444200497383830407680546953011506142908530997483525868786394202341581583059044349514639982108420043109227080245346724707598615079031228380078106708032082553400206255187293040015925024213642760924685725455831416383157383022406849
call:(138, 62, 138)
raw:[[94999125637418721753916154301436555578095993527, 205161296832839745795726403081586279131505808283, 217818091936434055638187899415974437340684258727, 39950672516355886245490696100970474311888054863, 73423829136265835869326472559557902026331111151, 69008286093240752152985481670914323474293442309, 766641264194325831746775719769492815894479243, 59559179265829254930689752183603111641421352093], [94999125637418721753916154301436555578095993527, 13139763848774328272958468342182674055519223371, 211588503974724446824051526293028440999664479949, 39950672516355886245490696100970474311888054863, 297039831443737485748018281896905492315855956829, 35642383537631911470381215022074318371951302061, 1554454112986334307792210916853879614458990098717, 11962754091396913683195968711370207572164683293], [207357075767408613320310182688438315491926297751, 1352628460740147744566017459507275673856751167221, 16934277720383331187984882854870488333505271511063, 8842562142748348844335137123160001790743987702563, 2479562629657731611451722185672220101085810666047, 885316251053340065919640852698260722395204719197, 11089063294094135659692916351841985826391672772253, 11584926961611664660175580234663321627779481255008]]
det:818410236373934315520329952224098596304544043255137578366922156829734367342136531684947095060336189768861227427271520407483665048233288093469102195398884826740839871045816842135053617984512314433800738666710763671365741682092399197976083202401
call:(122, 69, 129)
raw:[[37634936442157288246280269917232928910936207211211, 8447278755138781933756502341527138971079228925339, 5858922661332636814763196839488342138086213313093, 396435671292737844054815124923219735943466609151951, 3878091837086436691746512804064434749304499500111, 103692965884927619552478737641423946191987196399407, 1968325839051215385572919484547468202352426174183, 15609104114490957655497430596347609466556411212001], [5299638189375617169410951391295501375799163569, 11686770022798775591019054874991192880279241213, 10020972017011418763068875443261700651616532263, 217352612458649760738967075522513981074695767, 6611896894006898814867397381158142015421756903, 54340743600049467888900211227027211871513849501, 104802476758545285917178867534033156359626059517, 209402358786668234990145278746157277242737593827], [122757300543908546187473022608205218655036902011, 1009419665785956237101748463794398572430071495507, 2580321315291478334982395052183282326340407867747, 193949771411419894140068690273002642235575197959, 456199221172216399999499302240328583432643398913, 75306592724668514735843473571812903469610084776173, 2685000605720541782792094595989176601285273190607, 2336713623141077774141083466434014978209582219819]]
det:429215042084239619069569569909840203287466195096435072795623254232544115693968351253467342032904373689742527962899884798346686048740526572666811249734163868290001323144147675622516828951439539959702076619921316604760144701409589560253028672649
call:(128, 71, 128)
raw:[[56926239771246129115423294584113291765120596790951, 1019265297423309524741149715556075173631729031659233, 3784673426154536926459706372487701229056435018981, 169855747172162026496283988536560949931520561116769, 317625042634630572494053639947663125191558957036201, 31815223976249004276178999167268939334309491408693, 847100986321382468323582051611940103777558529802799, 2484293205882360071335472337970134093052291342156003], [56926239771246129115423294584113291765120596790951, 78315592399576470295255233105203304828210017880929, 7640086129389908496127046905553374193145854058353, 111615158761482661639254733044016392370025664042161, 278504931987186789153032292096373779198053089386179, 40960096459697901016553912681495271638311755872557, 44886069198677054555174167450168224192239244654247, 311675682241856784040977165451426846996797067840672], [7411954772606192825584159461286921853704085917, 9981525895082337759313498346591069766809664286427, 22075223233410372246936721466430178169542148474023958401, 67958491419347749494405399451422411491944273274438709401, 941862527129942732522414549811010616024294971961875236133, 8804952191254363840945726140874835625500947428576878527487, 2518201552670714483816517762599493497862255046645421271299, 20376441260036366351763075747126492536387305039095061973269]]
det:650495405187109045195596418781599239915032948501142965726557098310814842398388629802179767108681752506599225456955022171588804984771575143085040812645193254526771615528886617433727260719999219064777216189648226850118357117395651513150962164401
call:(138, 70, 138)
raw:[[3002885005335387879166488263279215924959229759, 496322359265687327167074967755441464880451650795077293, 5084001528572971069596592771818485330219011388091965251, 61682150375290345773581555058180258087946639856142767263, 66436700261270482140367239519380851894831031531385066523, 2786010956965899175351288781500907870585323273767508363, 162089994115604187248403783674782648275653870790423131, 64965217957317775332543369794002799167795473881954897737], [3002885005335387879166488263279215924959229759, 7108160215938711630012531291175384180681433082140896, 260857701196724985787877505458661194996281646780129747, 17933476900069974324753961077506863222245927575591776, 16961103173426060101769669477351741998262829213978937, 3331781169005224695410549554109371305018656172262127, 122662841346442347577278446486015801789113338660324751, 65349985135586662073055161876592083584748366395978493], [5516140815165190741593105589889672514221015981, 1497590574945431081299879736151993114440710145381, 110624466427520209426387950786451593845498169139, 3333531541424556568117276247079239973464275528423, 2047517001216571371198414563143835418916450932607, 12796064820292408911311374363593364491734985673, 2797042166840062984549493780327556326580122179147, 49278896960213396841980564972577176636435858777]]
